0
0
0
0
0
0
0
0
0
0
0
0
1
1
1
157
707
1048
1050
1050
1341
1939
2736
3504
3903
3937
3964
4253
4834
5796
6650
7036
7319
7363
7426
7552
7687
7750
7899
8022
8179
8445
8878
9258
9744
10569
12133
13832
16204
17687
19721
21367
23105
25167
27187
29475
31786
33887
35707
37634
39355
41075
42879
44558
45952
47433
48502
49812
50816
52133
53090
54266
55446
56736
58228
59331
60548
62053
63178
64773
66965
68890
71616
73943
76813
79239
82195
85259
88477
91542
94800
98059
101609
105240
109107
113464
118089
122849
127668
132360
134612