0
0
323
516
1294
3377
6374
9982
11656
13310
15308
16666
17790
19009
20587
22756
24917
27176
29461
32127
34374
37225
40162
42730
45948
48640
51235
53765
55292
56824
58557
59885
61547
63214
64642
66300
67741
68968
69984
71220
72320
73594
74930
76274
77571
78345
79099
79957
80772
81453
82115
82708
83254
83838
84394
84947
85474
85965
86464
86972
87522
88023
88522
89046
89474
89903
90312
90767
91261
91763
92294
92798
93235
93826
94398
95006
95714
96413
97196
98004
98829
99788
100725
101692
102752
103863
105261
106790
108458
110251
112214
114352
116583
119132
122039
125027
127996
130784
133188
134460
134600