0
0
194
436
1776
3320
5804
10240
12025
13999
15446
16700
17811
19182
21016
23598
24732
26578
29060
33192
37448
40790
43242
45670
47686
49734
52205
53996
55491
57088
58430
59903
61536
63080
64604
66277
67928
69087
70325
71601
72813
73927
74929
75940
76778
77479
78380
79339
80242
81189
82171
83011
83609
84072
84599
85112
85572
86038
86527
87115
87685
88202
88697
89196
89707
90182
90630
91059
91471
91966
92412
92911
93454
94029
94592
95294
96019
96749
97517
98355
99234
100104
100954
101926
102970
104138
105395
106851
108446
110218
112147
114298
116526
119082
121958
124983
127950
130761
133213
134451
134600